53
41
89
34
100
39
76
32
66
71
98
65
60
10
41
33
58
5
34
57
94
78
16
12
64
76
91
35
62
24
58
98
54
30
25
77
17
62
98
43
28
46
100
96
6
57
44
12
77
14
1
78
84
21
95
92
17
30
86
55
19
99
100
38
32
23
85
55
88
10
49
62
49
13
59
46
58
88
9
31
25
47
16
28
90
14
31
42
12
21
8
90
62
11
31
45
5
57
6
23
30
98
63
53
100
32
36
69
56
55
42
3
54
28
84
87
69
77
78
82
85
91
36
81
74
60
95
93
33
76
57
52
14
57
17
40
77
19
39
39
68
80
72
82
74
4
91
43
21
40
38
13
59
6
1
62
81
20
81
66
23
57
47
11
55
18
48
67
53
62
70
55
25
24
4
97
1
33
85
18
21
92
22
96
87
34
56
93
49
66
47
39
92
24
11
77
71
61
94
84
62
92
90
58
40
93
12
74
66
21
66
62
3
14
87
38
23
45
39
100
19
2
26
15
59
84
69
57
12
44
68
87
8
53
45
83
18
8
26
94
55
1
11
62
25
0
34
47
80
27
89
61
16
59
93
46
88
63
57
78
76
79
44
12
89
27
12
68
70
98
59
56
10
75
3
72
21
64
88
61
91
18
19
81
33
84
91
100
97
32
1
15
63
80
37
91
7
42
10
18
12
57
10
24
46
40
25
0
83
15
70
8
51
43
97
28
0
27
38
65
78
28
29
23
56
94
84
38
76
61
61
97
76
20
76
84
89
95
59
18
22
57
64
8
99
5
48
93
28
67
2
60
29
66
42
95
45
18
40
90
8
71
79
54
18
24
12
96
84
87
23
63
87
66
20
13
9
62
30
98
16
71
50
87
80
16
19
7
52
42
23
32
98
17
46
18
87
42
62
83
95
12
40
51
80
48
29
57
44
6
89
14
89
63
1
55
39
88
41
12
1
27
76
63
63
24
69
16
56
46
6
99
85
66
2
6
53
77
60
44
81
61
10
27
8
40
42
25
12
29
7
14
41
18
81
43
99
84
87
94
87
93
50
31
4
53
86
7
36
6
27
29
31
60
7
65
77
89
80
70
62
96
49
81
2
98
21
88
22
68
47
79
74
29
7
44
39
67
78
18
3
42
98
41
3
99
17
43
97
53
98
78
46
79
28
57
100
56
79
11
72
60
43
15
67
1
99
54
37
11
12
66
80
64
99
48
44
77
20
97
71
4
37
40
55
97
7
85
44
63
83
14
88
58
63
2
31
86
28
97
9
98
29
94
53
97
95
74
87
68
50
29
71
72
3
61
96
10
32
77
45
52
53
71
84
26
76
92
95
94
24
4
47
35
51
70
32
41
64
53
74
91
36
73
81
77
82
28
76
80
54
79
95
7
20
8
19
21
58
90
1
61
98
90
45
60
31
67
2
20
11
11
59
38
72
63
93
88
29
13
48
60
80
73
93
84
45
25
24
27
21
53
18
6
9
47
84
66
61
94
38
30
59
81
14
98
61
28
31
85
52
73
33
77
45
12
60
98
50
13
72
42
56
40
100
29
39
98
94
36
15
57
72
81
55
31
94
81
73
83
37
25
25
28
86
40
84
36
28
43
17
38
26
16
8
42
52
42
16
86
86
96
15
68
52
14
93
59
17
18
22
45
40
19
95
49
57
5
26
35
66
64
43
5
17
96
64
4
20
86
81
82
95
90
99
61
10
71
84
80
6
27
96
45
87
51
63
18
70
33
97
62
1
88
65
62
17
31
11
72
44
52
66
15
37
26
94
93
4
88
41
65
11
92
34
26
8
23
43
36
66
85
62
14
85
59
62
24
55
19
9
50
29
40
34
62
53
36
25
34
20
93
92
30
99
86
71
16
59
88
61
35
26
41
73
73
66
96
26
58
48
87
46
59
75
33
72
46
30
18
47
38
97
58
92
9
90
0
58
33
4
70
82
9
86
75
52
66
20
12
57
62
78
91
8
17
98
92
32
28
28
33
27
72
99
90
27
62
24
51
16
69
31
4
67
21
84
21
35
67
20
80
88
25
94
6
8
48
16
36
17
21
16
61
77
57
13
0
74
1
95
8
70
69
53
68
80
60
38
28
99
23
1
21
81
76
41
8
36
36
80
20
9
9
90
5
37
78
83
18
46
74
17
53
46
12
34
17
30
2
54
74
58
35
90
0
56
10
11
49
45
55
78
41
67
40
4
66
99
66
76
93
12
24
100
65
81
86
55
58
36
11
36
99
48
56
43
18
43
59
